150.3224508
149.0698754
147.8816105
146.7809774
146.3913994
148.0079139
144.5358088
144.7511194
144.6972774
143.9303319
144.1607969
142.9599661
146.3149259
145.4029084
144.3467152
152.0184693
138.8007032
139.125852
139.2732202
139.495602
145.5801757
151.2994013
151.1223296
151.1314162
143.9350786
144.2053955
142.8698975
143.9341404
145.47777
139.9856061
148.5192421
147.0329058
144.3360587
145.4186846
143.5773205
144.3011037
146.5664864
150.2110752
146.765224
148.6648138
146.9094852
151.0437859
146.6063152
147.5437235
145.5676708
148.297862
150.6271402
151.2616448
150.9214118
151.8307158
145.4320965
139.0850605
138.6411753
139.4534813
143.9423537
144.9314686
144.3712115
145.1133825
145.0498077
144.0286886
145.441843
143.5145754
145.2259936
