-28.53879039
-30.94597517
-34.50035098
-34.7396161
-35.99808067
-33.38476087
-36.271237
-36.14044523
-36.3085329
-36.41483866
-35.7336349
-36.9044243
-36.3649305
-36.39148753
-36.794826
-29.0574371
-33.95520636
-33.65945422
-35.11324178
-35.97401085
-35.9897243
-25.5886455
-24.86474137
-24.9656186
-35.28445004
-35.17058075
-36.67162582
-35.85791767
-35.92547997
-34.1815196
-34.30506028
-35.5168154
-36.59216625
-35.65909434
-35.91993285
-35.90648278
-36.39534131
-27.1024169
-36.0162937
-33.56229399
-36.0751192
-30.940405
-34.69537542
-34.44416135
-35.80974059
-34.31344141
-26.74590095
-27.18172207
-26.9311124
-26.0409931
-36.15280175
-34.17689113
-33.69260905
-35.25288003
-36.60243307
-36.39887142
-35.95758045
-36.46933231
-36.31392678
-35.91866607
-36.08828385
-35.22001738
-36.44005197
