150.245483
149.008408
150.820038
145.553543
146.105301
148.290054
144.392654
147.953857
148.668213
148.647751
144.544418
150.243317
153.568695
148.553284
150.819855
152.942001
146.799194
146.309402
150.824677
144.606583
146.328949
146.325226
146.347733
152.54921
147.078949
148.106232
149.214432
152.804825
148.442459
150.50679
145.0065
149.754745
150.93425
151.852844
145.776291
149.82872
148.065704
150.582138
150.846863
148.452744
148.393265
146.771271
148.49913
145.725662
146.439819
149.652237
152.001495
147.73494
149.024216
146.390228
148.322205
151.703125
147.943695
148.487366
148.231491
148.186752
145.565674
150.645935
149.664413
150.904236
152.621155
147.380066
150.878052
144.730164
147.452988
145.522354
148.278946
148.624496
148.766388
145.982193
146.243774
153.172089
147.524231
148.225754
150.960159
146.552322
153.047592
150.768906
148.317505
148.470108
147.756744
148.661957
148.542938
148.329239
153.36467
153.269928
149.745667
150.032684
146.186066
146.18132
146.610489
150.825333
148.162003
147.548813
150.892899
148.727264
148.786804
144.884689
146.847672
144.13475
146.336029
147.662994
148.081161
149.023605
149.190231
149.783661
150.182083
150.838608
148.164108
146.790176
153.193741
148.962845
148.814178
146.729218
148.347794
150.839081
148.686798
151.810364
151.312988
152.450409
151.893707
151.392426
151.754807
151.140778
151.103165
151.103195
151.852036
151.234421
149.517899
151.655258
152.748932
151.777451
150.638092
150.719772
150.541275
150.544922
151.681793
151.315262
151.655258
151.530487
151.221405
152.087387
151.345428
151.76738
151.298203
151.217285
151.210526
151.344864
151.747879
151.019272
151.615402
151.815216
151.65538
151.595032
151.641647
151.941727
151.842987
151.750687
151.177536
151.192001
151.199036
151.182266
151.188889
151.183319
151.180054
150.609558
152.165085
150.530197
151.914581
151.164383
151.766724
152.065292
151.7276
151.7995
151.976761
151.462143
151.342361
151.969009
151.385757
151.743729
151.801971
149.967133
148.908279
151.826279
151.907608
150.978943
145.501251
151.157623
151.475861
153.017746
151.76564
151.928619
151.711929
152.969193
151.129608
145.425598
149.842804
151.782837
151.220276
151.085297
151.525909
152.055191
147.031693
150.58992
151.372208
151.285919
151.412918
151.635422
151.035904
151.992126
151.489532
151.807709
150.39621
152.145889
151.82193
151.908966
151.385437
151.821426
150.817184
151.792374
151.866287
150.01384
151.950943
150.00795
152.033478
151.47168
151.778946
151.782669
152.105515
151.644363
151.613907
151.961426
151.891159
151.758514
152.096283
151.894028
151.326538
151.119049
151.84227
151.40271
151.500717
151.570511
151.825867
151.510986
152.195831
151.779144
151.541489
150.306808
151.639847
151.744781
151.566162
151.574722
145.42305
151.217926
150.503601
150.478882
151.698364
151.779068
148.120163
151.615189
151.886276
151.780807
151.629822
152.074097
152.079147
151.963165
151.192795
151.566986
151.731369
151.486633
151.559662
150.858948
151.984543
151.883011
152.440857
151.108459
151.221664
151.912598
151.847321
151.937912
152.487106
151.18573
151.734726
151.872101
151.863724
151.8638
151.860855
151.844238
151.837143
151.840286
151.313049
151.448135
151.858719
152.276993
145.451843
152.103989
151.738129
151.852859
150.855682
150.864639
150.852676
150.862411
151.090805
151.048706
152.341156
151.930405
151.926071
151.9039
148.021759
151.870193
150.038315
151.798477
152.965393
151.600037
151.845932
152.905762
151.833771
150.008087
151.839996
151.905045
146.842911
151.580643
152.595886
151.169296
151.791367
151.7202
151.844498
139.389389
139.337158
139.602905
139.609283
139.349457
140.925797
139.582764
138.648224
138.376846
139.222107
138.800812
138.45079
139.262253
139.322113
139.942917
139.399307
140.891144
138.50441
138.409531
138.244034
138.651199
137.816711
140.307327
135.463898
140.075119
140.939911
140.962723
139.431366
139.351746
140.484283
140.31842
140.32222
139.941528
138.679871
138.648621
138.157898
138.821167
138.837814
138.838242
138.839325
138.848389
138.259293
139.287903
138.815094
139.26535
138.76329
138.45285
138.481583
139.146194
138.565674
139.360352
139.34549
140.710815
140.672836
140.667786
140.682755
138.387131
139.138885
139.25267
139.258896
139.372345
139.358627
138.894974
138.789978
138.772003
138.892075
138.875381
138.243607
138.982285
138.861649
138.45636
138.467438
138.397583
138.357971
138.367432
138.072037
139.267563
139.52977
139.442993
139.44223
139.24321
139.346375
139.363983
138.026428
137.909958
139.702393
139.759293
139.714737
139.752335
139.727264
139.820709
139.795929
139.909149
139.933258
139.93515
139.948242
140.011673
140.078384
140.290115
140.279984
140.311615
140.612473
140.81958
138.340637
140.824585
140.825409
138.200104
139.258423
139.320602
138.259888
138.615967
138.601624
139.447449
139.373672
138.729889
147.191574
147.85701
146.523895
147.853485
147.568268
145.972382
146.894821
147.598953
147.511353
146.739594
144.463547
144.826599
143.962753
143.968842
143.711075
144.021484
142.846252
146.118439
145.006516
143.474457
144.262665
147.888718
145.184006
145.168137
144.449966
145.49527
145.488174
145.496841
144.226486
145.024338
143.007141
142.996292
143.005981
142.998734
143.005814
144.173462
144.285751
145.529602
145.529495
144.307098
144.376068
144.35582
144.351685
144.355652
144.361832
144.36116
143.995483
144.065414
144.316742
142.803543
145.128418
143.995758
144.32106
142.323624
143.645752
144.064377
145.100311
144.798157
144.889481
145.488632
143.557739
143.942734
141.379181
143.191849
144.417587
144.065308
143.835846
143.859009
144.967163
144.518936
143.261887
143.250717
144.570145
142.670013
145.216202
144.032974
143.420975
144.127274
143.623703
143.941025
144.078262
144.128494
144.399872
144.405945
144.420853
144.352249
145.119705
144.143616
144.063965
143.010864
144.393143
144.993118
144.502228
144.305801
143.985794
145.043243
144.110184
143.480179
143.692871
143.709702
144.038498
144.113586
144.075516
144.198563
144.281799
144.29187
144.302582
144.318665
144.294373
144.264908
144.329102
144.321152
144.318344
144.375839
144.471054
144.478363
144.642624
144.711945
144.961487
144.969971
145.050598
145.042038
144.994003
145.071381
145.072495
145.183868
145.52066
145.589813
145.592865
146.185196
146.357483
141.457153
141.652664
142.340164
142.644897
142.65097
142.62796
142.830994
142.888672
142.977646
142.993912
143.094391
143.230637
143.391571
144.300537
144.400238
144.173111
143.11882
145.797531
145.169495
143.979691
146.145782
143.98558
145.147064
144.879807
115.734337
115.607292
117.302513
117.613136
117.105782
115.809586
117.027374
116.81292
116.020905
117.930466
117.697723
116.973602
115.911125
115.914902
115.911774
115.914902
115.84568
116.683533
115.839577
117.158501
115.776337
115.757149
114.469643
121.881042
115.921928
116.01162
117.407166
115.848137
144.5358
143.871
143.9177
142.9397
146.3134
145.5047
144.8816
144.7495
145.5185
147.8816
145.9873
149.0698
148.0081
146.3912
150.3013
140.5768
139.9847
139.2677
139.4895
