-32.11
-34.67
-33.96
-35.73
-34.09
-32.22
-35.23
-34.15
-33.96
-33.96
-35.93
-34.43
-28.71
-34.2
-33.95
-28.8
-36.02
-35.38
-33.71
-35.77
-35.95
-35.96
-35.93
-28.84
-35.74
-33.47
-32.15
-30.66
-34.34
-29.74
-35.54
-34.97
-29.77
-29.76
-35.72
-30.21
-34.67
-29.51
-33.83
-34.32
-34.31
-34.77
-33.18
-35.56
-35.89
-30.31
-28.65
-33.35
-33.18
-35.8
-32.49
-29
-34.02
-34.03
-34.15
-34.1
-35.72
-34.05
-31.03
-33.52
-30.83
-34.24
-31.99
-35.84
-34.42
-35.78
-32.99
-33.01
-32.63
-35.58
-35.63
-28.67
-32.65
-34.38
-29.68
-34.7
-29.05
-33.71
-33.64
-34.04
-35.27
-31.86
-34.24
-34.39
-28.36
-28.88
-34.94
-33.47
-35.79
-35.82
-33.9
-33.71
-34.12
-34.42
-33.7
-32.81
-33.82
-35.37
-35.17
-35.58
-35.77
-35.02
-34.15
-30.91
-31.88
-31.22
-30.92
-31.29
-34.11
-34.7
-28.61
-35.07
-33.12
-34.62
-34.35
-33.83
-33.18
-26.23
-27.11
-27.45
-26.12
-26.86
-27.6
-24.97
-24.95
-24.97
-28.11
-27.93
-22.36
-26.42
-27.1
-26.17
-24.47
-24.41
-24.28
-24.28
-26.17
-27.2
-26.18
-26.08
-28.05
-26.19
-27.07
-26.31
-25.61
-25.65
-25.65
-25.64
-26.67
-26.77
-27.21
-26.06
-27.97
-27.92
-27.96
-27.93
-27.6
-26.61
-27.7
-27.71
-27.72
-27.72
-27.71
-27.7
-27.71
-26.89
-25.31
-27.22
-26.26
-26.98
-26.66
-28.08
-28.41
-26.28
-28.22
-27.29
-28.03
-28
-26.8
-27.31
-26.5
-24.62
-21.28
-26.09
-26.14
-27.05
-17.27
-24.93
-24.78
-28.26
-26.33
-26.19
-26.35
-26.97
-24.85
-17.07
-28.01
-26.51
-27.83
-24.87
-26.03
-26.09
-19.63
-27.31
-27.07
-27.04
-26.24
-27.65
-26.93
-26.98
-27.3
-26.16
-23.08
-28.25
-26.59
-26.43
-26.99
-26.04
-27.12
-26.5
-26.69
-28.04
-27.79
-27.99
-26.32
-26.93
-26.13
-26.42
-27.92
-26.14
-27.75
-28.07
-26.15
-26.63
-28.28
-26.62
-27.88
-27.01
-27.22
-26.87
-27.07
-25.66
-26.1
-26.73
-27.59
-26.47
-27.4
-28.44
-26.11
-27.91
-25.68
-25.68
-17.14
-27.78
-23.51
-24.38
-27.82
-26.27
-20.22
-27.18
-26.15
-26.58
-26.08
-26.24
-26.23
-26.25
-27.01
-27.54
-27.31
-27.03
-27.57
-26.95
-28.13
-26.18
-26.13
-25.42
-27.24
-26.66
-26.6
-26.16
-25.78
-25.62
-26.09
-26.15
-26.13
-26.13
-26.12
-26.22
-26.14
-26.12
-26.92
-27.28
-27.47
-27.75
-17.53
-28.29
-26.38
-26.25
-26.99
-27
-27.01
-27.03
-24.82
-24.84
-27.56
-26.21
-28.41
-27.84
-26.51
-26.14
-26.24
-26.02
-26.49
-27.77
-25.98
-27.58
-26.04
-28.02
-26.06
-26.23
-19.71
-27.17
-27.95
-24.94
-26.5
-26.64
-27.62
-35.15
-35.1
-35.28
-35.28
-35.26
-34.36
-35.33
-33.73
-34.47
-35
-34.15
-34.16
-34.92
-35.7
-34.08
-35.27
-37.87
-34.54
-34.5
-34.32
-34.53
-34.78
-35.18
-34.57
-35.79
-37.79
-37.78
-35.18
-35.58
-35.23
-35.34
-35.4
-34.07
-34.51
-33.88
-33.94
-34.47
-34.51
-34.51
-34.52
-34.5
-33.77
-35.22
-34.3
-34.69
-35.06
-34.31
-34.16
-35.17
-34.28
-35.23
-33.99
-34.49
-34.37
-34.32
-34.32
-34.31
-34.53
-34.8
-34.73
-35.27
-35.28
-34.54
-34.47
-34.43
-34.94
-35.29
-34.27
-34.17
-33.69
-34.16
-34.14
-33.81
-33.73
-33.62
-33.39
-34.24
-35.79
-35.51
-35.51
-34.16
-33.98
-33.98
-33.55
-33.88
-35.47
-35.48
-35.45
-35.92
-35.44
-35.92
-35.89
-35.18
-35.71
-34.07
-34.06
-35.79
-35.4
-35.18
-35.19
-35.32
-37.74
-36.35
-33.63
-34.48
-34.49
-33.93
-34.8
-34.66
-34.33
-34.44
-34.44
-35.3
-35.33
-34.4
-42.86
-41.06
-41.6
-41.09
-41.2
-41.21
-41.3
-42.73
-42.76
-41.53
-36.57
-37.63
-36.35
-36.34
-37.46
-37.87
-36.11
-38.14
-36.48
-36.69
-35.96
-36.17
-36.16
-37.64
-37.83
-37.87
-36.74
-36.75
-36.61
-36.39
-36.68
-36.68
-36.68
-36.69
-36.7
-35.88
-36.6
-36.39
-36.39
-35.93
-36.62
-36.62
-36.61
-36.61
-36.62
-36.62
-37.98
-37.35
-35.9
-36.42
-36.44
-36.18
-35.96
-38.26
-35.86
-35.93
-36.25
-37.05
-36.45
-35.89
-35.9
-38.17
-36.99
-36.65
-36.04
-36.13
-37.9
-37.85
-36.35
-36.08
-36.64
-36.58
-36.27
-36.36
-36.19
-38.15
-37.88
-36.12
-35.92
-36.66
-38.15
-36
-36.06
-36.55
-36.58
-36.29
-36.44
-35.89
-35.87
-36.63
-36.03
-36.2
-36.51
-36.3
-36.81
-36.82
-36.24
-36.69
-38.06
-35.76
-36.09
-36.75
-35.84
-36.03
-35.92
-35.92
-35.92
-35.91
-35.92
-35.91
-36
-36
-35.95
-36.36
-36.57
-36.25
-36.8
-36.74
-36.2
-36.14
-36.6
-36.6
-36.36
-36.37
-36.27
-36.52
-36.38
-36.37
-36.37
-36.71
-36.08
-37.69
-36.7
-36.07
-35.81
-35.81
-35.74
-37.59
-36.4
-36.61
-35.75
-36.41
-35.93
-36.05
-35.92
-36.67
-36.66
-36.7
-38.16
-37.64
-36.14
-38.16
-35.87
-38.28
-37.6
-33.21
-31.29
-32.85
-34.04
-33.66
-32.7
-32.75
-31.9
-31.14
-34.74
-34.9
-33.55
-31.17
-31.15
-31.14
-31.16
-31.01
-31.74
-32.49
-32.98
-32.96
-32.69
-28.37
-33.76
-32.39
-31.17
-32.87
-31.26
-36.27
-36.58
-36.8
-36.8
-36.36
-36.39
-34.5
-36.33
-36.04
-34.5
-34.69
-30.95
-33.38
-36
-28.54
-34.46
-34.19
-35.13
-35.91
-28.54
-34.74
-36.14
-36.31
-36.41
-35.73
-36.9
-36.39
-36.79
-29.06
-33.96
-33.66
-35.11
-35.97
-35.99
-25.59
-24.86
-24.97
-35.28
-35.17
-36.67
-35.86
-35.93
-34.18
-34.31
-35.52
-36.59
-35.66
-35.92
-35.91
-36.4
-27.1
-36.02
-33.56
-36.08
-30.94
-34.7
-34.44
-35.81
-34.31
-26.75
-27.18
-26.93
-36.15
-34.18
-33.69
-35.25
-36.4
-35.96
-36.47
-36.31
-35.92
-36.09
-35.22
-36.44
